G=66.7384*10^-12;
m1=140;
m2=5.9736*10^24;
r0=6378137;
r1=r0+40;
Fg0=G*(m1*m2)/(r0^2)
Fg1=G*(m1*m2)/(r1^2)
gn=9.80665;
Fgn=gn*m1
